0 176
0 51
0 169
1 156
1 76
1 66
2 160
2 136
2 161
3 103
3 23
3 154
4 171
4 102
4 162
5 124
5 86
5 139
6 176
6 113
6 28
7 160
7 78
7 51
8 21
8 154
9 176
9 52
9 161
10 120
10 161
10 118
11 72
11 165
11 79
12 136
12 110
12 161
13 175
13 102
13 163
14 63
14 120
14 39
15 20
15 57
15 85
16 86
16 43
17 175
17 31
18 160
18 176
19 110
19 161
20 92
20 174
21 161
21 109
22 67
22 161
23 145
23 154
23 31
24 44
24 161
25 165
25 136
25 161
26 118
26 143
26 39
27 136
27 161
27 77
28 173
28 51
28 160
29 161
29 162
30 136
30 161
31 153
32 45
32 161
33 77
33 154
33 161
34 149
34 39
34 136
35 176
35 74
35 161
36 136
37 109
37 154
37 161
38 136
38 77
38 161
39 120
39 118
40 105
40 156
41 104
41 118
41 91
42 78
43 161
44 136
44 161
45 79
45 170
46 161
46 136
47 136
47 180
47 161
48 90
49 102
49 154
49 161
50 160
51 176
51 160
52 161
53 110
53 161
54 161
54 124
54 139
55 171
55 145
56 161
57 161
58 102
58 82
59 145
59 95
59 102
60 80
60 154
60 161
61 109
61 161
62 145
63 161
63 118
64 79
64 154
65 69
65 161
66 167
67 161
67 110
67 170
68 103
68 155
69 136
69 87
69 161
70 173
70 177
70 160
71 169
72 103
73 102
73 162
73 95
74 169
74 161
75 155
75 87
76 169
76 164
77 161
78 176
80 161
80 154
81 155
81 161
83 177
83 133
84 161
85 161
85 117
86 136
86 161
87 161
88 156
89 161
90 161
90 103
90 102
91 104
91 161
91 118
92 174
94 122
95 162
96 175
96 131
97 136
97 154
97 161
98 162
98 102
99 161
100 173
100 168
100 138
101 160
101 176
103 161
103 165
104 118
105 176
106 109
106 125
107 136
107 161
108 160
108 173
109 161
110 165
110 170
111 176
111 138
112 181
113 176
114 176
114 160
116 181
117 128
119 165
119 136
122 169
122 176
123 160
124 161
125 161
125 165
126 175
126 162
127 129
127 171
128 176
128 161
129 165
131 162
131 175
131 171
132 161
133 176
133 177
133 135
134 136
134 161
136 169
136 161
137 161
138 160
138 168
139 161
140 165
141 161
141 176
142 161
143 161
144 163
145 175
146 165
149 161
151 161
151 176
152 161
153 175
154 169
154 161
155 179
157 161
158 174
159 163
160 176
161 176
162 175
164 169
167 177
