0 173
0 160
0 10
0 28
0 74
0 161
0 176
0 51
0 169
1 92
1 174
1 159
1 82
1 20
1 40
1 156
1 76
1 66
2 176
2 74
2 173
2 169
2 44
2 51
2 161
2 160
2 136
3 106
3 11
3 33
3 8
3 103
3 154
3 23
3 62
3 31
4 39
4 110
4 175
4 17
4 74
4 136
4 102
4 171
4 162
5 170
5 25
5 136
5 161
5 139
5 124
5 11
5 86
5 154
6 9
6 154
6 52
6 176
6 56
6 175
6 161
6 113
6 28
7 168
7 28
7 42
7 50
7 176
7 78
7 51
7 160
8 103
8 31
8 90
8 79
8 21
8 171
8 154
9 136
9 52
9 161
9 176
9 51
9 74
9 72
9 154
9 165
10 176
10 91
10 170
10 120
10 169
10 161
10 39
10 17
10 118
11 33
11 67
11 17
11 161
11 25
11 103
11 72
11 165
11 79
12 74
12 169
12 67
12 25
12 165
12 136
12 110
12 161
13 67
13 79
13 103
13 17
13 25
13 102
13 175
13 165
13 163
14 34
14 90
14 163
14 59
14 118
14 63
14 120
14 39
15 73
15 162
15 67
15 98
15 36
15 20
15 57
15 85
16 165
16 37
16 136
16 38
16 161
16 43
16 86
16 67
17 67
17 170
17 162
17 21
17 22
17 161
17 31
17 175
18 169
18 170
18 52
18 122
18 113
18 51
18 176
18 160
19 182
19 38
19 67
19 69
19 161
19 110
19 170
20 130
20 113
20 98
20 159
20 92
20 174
20 66
21 104
21 154
21 136
21 118
21 23
21 109
21 161
22 77
22 165
22 38
22 25
22 110
22 136
22 67
22 161
23 62
23 161
23 153
23 145
23 31
23 154
24 154
24 179
24 38
24 161
24 77
24 124
24 44
25 33
25 102
25 165
25 110
25 161
25 169
25 136
25 67
25 74
26 89
26 165
26 178
26 104
26 118
26 143
26 39
27 109
27 44
27 161
27 86
27 124
27 136
27 77
27 69
28 74
28 161
28 136
28 169
28 51
28 176
28 160
28 173
29 136
29 126
29 140
29 36
29 117
29 161
29 72
29 162
30 39
30 118
30 38
30 169
30 154
30 136
30 161
31 161
31 175
31 171
31 154
31 145
31 153
32 170
32 67
32 45
32 136
32 161
32 95
32 128
33 102
33 77
33 74
33 109
33 103
33 154
33 161
34 72
34 181
34 74
34 149
34 39
34 67
34 136
35 128
35 136
35 149
35 176
35 161
35 74
35 51
36 38
36 125
36 161
36 74
36 136
36 59
37 74
37 181
37 38
37 179
37 136
37 109
37 154
37 161
38 69
38 109
38 169
38 136
38 77
38 161
39 91
39 118
39 104
39 120
39 136
39 102
40 168
40 111
40 76
40 105
40 156
41 79
41 102
41 171
41 162
41 104
41 118
41 91
42 100
42 51
42 173
42 160
42 50
42 78
43 87
43 103
43 69
43 136
43 134
43 161
44 122
44 136
44 46
44 67
44 148
44 161
44 176
45 175
45 170
45 64
45 79
45 102
46 57
46 74
46 169
46 161
46 136
47 91
47 84
47 136
47 161
47 180
48 113
48 102
48 79
48 163
48 130
48 156
48 90
49 136
49 97
49 161
49 102
49 64
49 154
50 100
50 78
50 151
50 176
50 173
50 51
50 160
51 136
51 169
51 176
51 161
51 173
51 160
52 176
52 77
52 136
52 74
52 161
53 176
53 74
53 169
53 136
53 69
53 110
53 161
54 77
54 162
54 85
54 161
54 124
54 125
54 139
55 67
55 154
55 91
55 171
55 161
55 145
56 134
56 169
56 176
56 74
56 161
57 72
57 67
57 136
57 170
57 110
57 161
58 150
58 102
58 82
58 66
58 63
58 92
58 163
59 136
59 85
59 162
59 175
59 102
59 145
59 95
60 95
60 136
60 74
60 169
60 80
60 154
60 161
61 178
61 106
61 69
61 161
61 109
62 104
62 153
62 175
62 145
62 154
63 136
63 182
63 161
63 118
63 120
63 104
64 74
64 154
64 165
64 102
64 79
64 161
65 77
65 109
65 154
65 69
65 79
65 161
65 103
66 92
66 159
66 174
66 167
67 103
67 136
67 110
67 165
67 170
67 161
68 81
68 124
68 103
68 155
68 128
68 154
69 109
69 136
69 87
69 161
69 181
69 103
70 173
70 177
70 160
70 85
70 136
71 110
71 173
71 136
71 176
71 160
71 169
72 170
72 110
72 74
72 136
72 161
72 103
73 79
73 136
73 74
73 95
73 102
73 162
74 103
74 136
74 169
74 161
75 141
75 115
75 103
75 87
75 116
75 155
75 165
76 95
76 121
76 123
76 164
76 130
76 122
76 160
76 169
77 109
77 91
77 103
77 169
77 136
77 161
78 168
78 160
78 138
78 176
79 165
79 103
79 102
79 154
80 176
80 165
80 161
80 154
81 103
81 86
81 179
81 161
81 155
82 144
82 159
82 133
83 85
83 135
83 117
83 177
83 133
84 91
84 136
84 104
84 161
85 136
85 165
85 148
85 161
85 117
86 103
86 136
86 124
86 161
87 109
87 103
87 161
87 176
88 100
88 123
88 119
88 159
88 156
89 154
89 165
89 136
89 161
90 124
90 120
90 161
90 103
90 102
91 175
91 136
91 104
91 118
91 161
92 159
92 98
92 135
92 174
93 146
93 155
93 103
93 115
94 165
94 161
94 176
94 122
95 169
95 136
95 145
95 162
96 162
96 175
96 145
96 171
96 153
96 131
97 182
97 176
97 161
97 136
97 154
97 170
98 136
98 175
98 154
98 102
98 162
99 135
99 162
99 136
99 161
100 176
100 160
100 173
100 168
100 138
101 113
101 105
101 138
101 111
101 160
101 176
102 122
102 175
102 165
102 163
102 161
103 170
103 161
103 165
104 170
104 161
104 118
105 168
105 176
105 161
105 160
105 121
106 161
106 145
106 109
106 125
107 176
107 154
107 136
107 161
108 176
108 122
108 125
108 160
108 173
109 136
109 161
109 124
110 160
110 182
110 165
110 170
110 169
110 136
110 161
111 168
111 173
111 176
111 160
111 161
111 138
112 181
113 130
113 160
113 176
114 161
114 136
114 176
114 160
115 161
115 155
115 143
116 170
116 161
116 182
116 181
117 128
117 162
117 161
117 136
118 170
118 120
118 161
119 161
119 181
119 165
119 136
120 169
120 170
120 161
121 156
121 136
122 160
122 165
122 136
122 169
122 176
123 173
123 176
123 136
123 160
124 154
124 161
125 170
125 161
125 165
126 175
126 162
126 145
127 180
127 153
127 171
127 129
128 169
128 136
128 161
128 176
129 154
129 165
130 165
130 170
130 176
130 169
130 160
131 175
131 171
131 145
131 162
132 161
133 177
133 176
133 162
133 135
134 169
134 154
134 136
134 161
135 161
135 136
136 169
136 161
136 160
137 161
138 176
138 160
138 168
138 173
139 179
139 154
139 161
140 161
140 165
141 169
141 176
141 161
142 179
142 161
143 182
143 161
144 165
144 149
144 175
144 162
144 163
145 165
145 169
145 162
145 175
146 165
147 153
147 175
148 161
149 162
149 154
149 161
149 170
150 165
150 161
151 176
151 161
151 152
151 181
152 161
153 154
153 175
153 171
154 182
154 169
154 161
155 179
157 161
158 174
159 163
160 161
160 169
160 173
160 176
161 169
161 176
162 170
162 175
163 170
164 169
165 170
166 181
167 175
167 177
168 169
168 173
168 176
169 176
171 180
171 175
173 176
178 181
