0 51
0 169
1 76
1 66
2 136
2 161
3 23
3 154
4 102
4 162
5 86
5 139
6 28
6 113
7 78
7 51
8 154
9 52
9 161
10 118
10 161
11 165
11 79
12 110
12 161
13 102
13 163
14 120
14 39
15 85
15 57
16 43
17 31
18 176
19 161
20 92
20 174
21 161
21 109
22 67
22 161
23 154
23 31
24 44
24 161
25 136
25 161
26 143
26 39
27 161
27 77
28 51
28 160
29 162
30 136
30 161
31 153
32 45
32 161
33 154
33 161
34 39
34 136
35 74
35 161
36 136
37 154
37 161
38 161
38 77
39 120
39 118
40 105
40 156
41 118
41 91
42 78
43 161
44 161
45 170
46 136
47 180
47 161
48 90
49 154
49 161
50 160
51 176
51 160
52 161
53 161
54 139
54 124
55 145
56 161
57 161
58 82
59 95
59 102
60 154
60 161
61 161
63 118
64 79
64 154
65 161
67 110
67 170
68 155
69 87
69 161
70 160
70 177
71 169
73 162
73 95
74 169
74 161
75 87
76 164
77 161
80 154
81 161
83 177
83 133
85 117
86 161
87 161
88 156
89 161
90 103
90 102
91 161
91 118
92 174
94 122
95 162
96 175
96 131
97 161
97 154
98 102
100 168
100 138
101 160
101 176
103 165
103 161
104 118
105 176
106 109
106 125
107 136
107 161
108 173
109 161
110 170
111 138
112 181
114 160
116 181
119 165
119 136
122 176
123 160
124 161
125 161
125 165
126 175
126 162
127 129
127 171
128 161
131 175
131 171
132 161
133 177
133 135
134 136
134 161
136 169
136 161
138 168
140 165
141 176
143 161
144 163
145 175
151 176
152 161
154 161
155 179
159 163
160 176
161 176
162 175
164 169
167 177
